title: Bangor
date: 2026-07-03
layout: travel
lat: 53.20288260687494
lng: -4.107381736751396