title:  Brussels
lat: 50.89717759592614
lng: 4.482332901734959
datePosted: 2025-04-23T08:01:04+02:00
layout: post