title:  Chennai
lat: 12.98011463123301
lng: 80.25302109175762
datePosted: 2025-03-15T12:05:49+05:30
layout: post