title:  Copenhagen
lat: 55.71302105329297
lng: 12.59416144634432
datePosted: 2025-02-26T21:28:55+01:00
layout: post