title:  Kochi
lat: 10.0072727918041
lng: 76.36268468202374
datePosted: 2025-03-10T18:13:23+05:30
layout: post