title:  Las Vegas
lat: 36.08757174080512
lng: -115.1786842413847
datePosted: 2024-10-22T15:46:37-07:00
layout: post