title:  Preston
lat: 53.80595199461191
lng: -2.717336099247778
datePosted: 2024-10-12T07:29:57+01:00
layout: post