title:  St Ives
lat: 50.20811462794254
lng: -5.478460296878852
datePosted: 2025-11-01T07:57:00Z
layout: post