title: Stockholm
lat: 59.3319885
lng: 18.0504456 
date: 2026-02-11
