title: Tarbet
lat: 56.20364763140201
lng: -4.720794930216147
datePosted: 2021-08-13 11:16:00 +0000
layout: post